 vars[0] = 0.214083
 vars[1] = 0.288608
 vars[2] = 0.331372
 vars[3] = 0.346574
 vars[4] = 0.707107
 vars[5] = 0.809017
 vars[6] = 1.359141
 vars[7] = 1.570796
